0
1
2
3
4
1 1 1 1 
5
1 1 1 2 
6
1 1 1 3 
7
1 1 1 4 
8
1 1 1 5 
9
1 1 1 6 
4
5
1 1 2 1 
6
1 1 2 2 
7
1 1 2 3 
8
1 1 2 4 
9
1 1 2 5 
10
5
6
1 1 3 1 
7
1 1 3 2 
8
1 1 3 3 
9
1 1 3 4 
10
11
6
7
1 1 4 1 
8
1 1 4 2 
9
1 1 4 3 
10
11
12
7
8
1 1 5 1 
9
1 1 5 2 
10
11
12
13
8
9
1 1 6 1 
10
11
12
13
14
3
4
5
1 2 1 1 
6
1 2 1 2 
7
1 2 1 3 
8
1 2 1 4 
9
1 2 1 5 
10
5
6
1 2 2 1 
7
1 2 2 2 
8
1 2 2 3 
9
1 2 2 4 
10
11
6
7
1 2 3 1 
8
1 2 3 2 
9
1 2 3 3 
10
11
12
7
8
1 2 4 1 
9
1 2 4 2 
10
11
12
13
8
9
1 2 5 1 
10
11
12
13
14
9
10
11
12
13
14
15
4
5
6
1 3 1 1 
7
1 3 1 2 
8
1 3 1 3 
9
1 3 1 4 
10
11
6
7
1 3 2 1 
8
1 3 2 2 
9
1 3 2 3 
10
11
12
7
8
1 3 3 1 
9
1 3 3 2 
10
11
12
13
8
9
1 3 4 1 
10
11
12
13
14
9
10
11
12
13
14
15
10
11
12
13
14
15
16
5
6
7
1 4 1 1 
8
1 4 1 2 
9
1 4 1 3 
10
11
12
7
8
1 4 2 1 
9
1 4 2 2 
10
11
12
13
8
9
1 4 3 1 
10
11
12
13
14
9
10
11
12
13
14
15
10
11
12
13
14
15
16
11
12
13
14
15
16
17
6
7
8
1 5 1 1 
9
1 5 1 2 
10
11
12
13
8
9
1 5 2 1 
10
11
12
13
14
9
10
11
12
13
14
15
10
11
12
13
14
15
16
11
12
13
14
15
16
17
12
13
14
15
16
17
18
7
8
9
1 6 1 1 
10
11
12
13
14
9
10
11
12
13
14
15
10
11
12
13
14
15
16
11
12
13
14
15
16
17
12
13
14
15
16
17
18
13
14
15
16
17
18
19
2
3
4
5
2 1 1 1 
6
2 1 1 2 
7
2 1 1 3 
8
2 1 1 4 
9
2 1 1 5 
10
5
6
2 1 2 1 
7
2 1 2 2 
8
2 1 2 3 
9
2 1 2 4 
10
11
6
7
2 1 3 1 
8
2 1 3 2 
9
2 1 3 3 
10
11
12
7
8
2 1 4 1 
9
2 1 4 2 
10
11
12
13
8
9
2 1 5 1 
10
11
12
13
14
9
10
11
12
13
14
15
4
5
6
2 2 1 1 
7
2 2 1 2 
8
2 2 1 3 
9
2 2 1 4 
10
11
6
7
2 2 2 1 
8
2 2 2 2 
9
2 2 2 3 
10
11
12
7
8
2 2 3 1 
9
2 2 3 2 
10
11
12
13
8
9
2 2 4 1 
10
11
12
13
14
9
10
11
12
13
14
15
10
11
12
13
14
15
16
5
6
7
2 3 1 1 
8
2 3 1 2 
9
2 3 1 3 
10
11
12
7
8
2 3 2 1 
9
2 3 2 2 
10
11
12
13
8
9
2 3 3 1 
10
11
12
13
14
9
10
11
12
13
14
15
10
11
12
13
14
15
16
11
12
13
14
15
16
17
6
7
8
2 4 1 1 
9
2 4 1 2 
10
11
12
13
8
9
2 4 2 1 
10
11
12
13
14
9
10
11
12
13
14
15
10
11
12
13
14
15
16
11
12
13
14
15
16
17
12
13
14
15
16
17
18
7
8
9
2 5 1 1 
10
11
12
13
14
9
10
11
12
13
14
15
10
11
12
13
14
15
16
11
12
13
14
15
16
17
12
13
14
15
16
17
18
13
14
15
16
17
18
19
8
9
10
11
12
13
14
15
10
11
12
13
14
15
16
11
12
13
14
15
16
17
12
13
14
15
16
17
18
13
14
15
16
17
18
19
14
15
16
17
18
19
20
3
4
5
6
3 1 1 1 
7
3 1 1 2 
8
3 1 1 3 
9
3 1 1 4 
10
11
6
7
3 1 2 1 
8
3 1 2 2 
9
3 1 2 3 
10
11
12
7
8
3 1 3 1 
9
3 1 3 2 
10
11
12
13
8
9
3 1 4 1 
10
11
12
13
14
9
10
11
12
13
14
15
10
11
12
13
14
15
16
5
6
7
3 2 1 1 
8
3 2 1 2 
9
3 2 1 3 
10
11
12
7
8
3 2 2 1 
9
3 2 2 2 
10
11
12
13
8
9
3 2 3 1 
10
11
12
13
14
9
10
11
12
13
14
15
10
11
12
13
14
15
16
11
12
13
14
15
16
17
6
7
8
3 3 1 1 
9
3 3 1 2 
10
11
12
13
8
9
3 3 2 1 
10
11
12
13
14
9
10
11
12
13
14
15
10
11
12
13
14
15
16
11
12
13
14
15
16
17
12
13
14
15
16
17
18
7
8
9
3 4 1 1 
10
11
12
13
14
9
10
11
12
13
14
15
10
11
12
13
14
15
16
11
12
13
14
15
16
17
12
13
14
15
16
17
18
13
14
15
16
17
18
19
8
9
10
11
12
13
14
15
10
11
12
13
14
15
16
11
12
13
14
15
16
17
12
13
14
15
16
17
18
13
14
15
16
17
18
19
14
15
16
17
18
19
20
9
10
11
12
13
14
15
16
11
12
13
14
15
16
17
12
13
14
15
16
17
18
13
14
15
16
17
18
19
14
15
16
17
18
19
20
15
16
17
18
19
20
21
4
5
6
7
4 1 1 1 
8
4 1 1 2 
9
4 1 1 3 
10
11
12
7
8
4 1 2 1 
9
4 1 2 2 
10
11
12
13
8
9
4 1 3 1 
10
11
12
13
14
9
10
11
12
13
14
15
10
11
12
13
14
15
16
11
12
13
14
15
16
17
6
7
8
4 2 1 1 
9
4 2 1 2 
10
11
12
13
8
9
4 2 2 1 
10
11
12
13
14
9
10
11
12
13
14
15
10
11
12
13
14
15
16
11
12
13
14
15
16
17
12
13
14
15
16
17
18
7
8
9
4 3 1 1 
10
11
12
13
14
9
10
11
12
13
14
15
10
11
12
13
14
15
16
11
12
13
14
15
16
17
12
13
14
15
16
17
18
13
14
15
16
17
18
19
8
9
10
11
12
13
14
15
10
11
12
13
14
15
16
11
12
13
14
15
16
17
12
13
14
15
16
17
18
13
14
15
16
17
18
19
14
15
16
17
18
19
20
9
10
11
12
13
14
15
16
11
12
13
14
15
16
17
12
13
14
15
16
17
18
13
14
15
16
17
18
19
14
15
16
17
18
19
20
15
16
17
18
19
20
21
10
11
12
13
14
15
16
17
12
13
14
15
16
17
18
13
14
15
16
17
18
19
14
15
16
17
18
19
20
15
16
17
18
19
20
21
16
17
18
19
20
21
22
5
6
7
8
5 1 1 1 
9
5 1 1 2 
10
11
12
13
8
9
5 1 2 1 
10
11
12
13
14
9
10
11
12
13
14
15
10
11
12
13
14
15
16
11
12
13
14
15
16
17
12
13
14
15
16
17
18
7
8
9
5 2 1 1 
10
11
12
13
14
9
10
11
12
13
14
15
10
11
12
13
14
15
16
11
12
13
14
15
16
17
12
13
14
15
16
17
18
13
14
15
16
17
18
19
8
9
10
11
12
13
14
15
10
11
12
13
14
15
16
11
12
13
14
15
16
17
12
13
14
15
16
17
18
13
14
15
16
17
18
19
14
15
16
17
18
19
20
9
10
11
12
13
14
15
16
11
12
13
14
15
16
17
12
13
14
15
16
17
18
13
14
15
16
17
18
19
14
15
16
17
18
19
20
15
16
17
18
19
20
21
10
11
12
13
14
15
16
17
12
13
14
15
16
17
18
13
14
15
16
17
18
19
14
15
16
17
18
19
20
15
16
17
18
19
20
21
16
17
18
19
20
21
22
11
12
13
14
15
16
17
18
13
14
15
16
17
18
19
14
15
16
17
18
19
20
15
16
17
18
19
20
21
16
17
18
19
20
21
22
17
18
19
20
21
22
23
6
7
8
9
6 1 1 1 
10
11
12
13
14
9
10
11
12
13
14
15
10
11
12
13
14
15
16
11
12
13
14
15
16
17
12
13
14
15
16
17
18
13
14
15
16
17
18
19
8
9
10
11
12
13
14
15
10
11
12
13
14
15
16
11
12
13
14
15
16
17
12
13
14
15
16
17
18
13
14
15
16
17
18
19
14
15
16
17
18
19
20
9
10
11
12
13
14
15
16
11
12
13
14
15
16
17
12
13
14
15
16
17
18
13
14
15
16
17
18
19
14
15
16
17
18
19
20
15
16
17
18
19
20
21
10
11
12
13
14
15
16
17
12
13
14
15
16
17
18
13
14
15
16
17
18
19
14
15
16
17
18
19
20
15
16
17
18
19
20
21
16
17
18
19
20
21
22
11
12
13
14
15
16
17
18
13
14
15
16
17
18
19
14
15
16
17
18
19
20
15
16
17
18
19
20
21
16
17
18
19
20
21
22
17
18
19
20
21
22
23
12
13
14
15
16
17
18
19
14
15
16
17
18
19
20
15
16
17
18
19
20
21
16
17
18
19
20
21
22
17
18
19
20
21
22
23
18
19
20
21
22
23
24
